_generate_const_seq : [0.625, 0.029296875, 0.001220703125, 0.000335693359375, 9.1552734375e-05, 2.47955322265625e-05, 1.2874603271484375e-05]
_generate_checkerboard_seq : [0.625, 0.029296875, 0.001220703125, 0.000335693359375, 9.1552734375e-05, 2.47955322265625e-05, 1.2874603271484375e-05]
_generate_random_seq : [1.375, 0.7724609375, 0.722412109375, 0.7621612548828125, 0.7853240966796875, 0.7220101356506348, 0.6823863983154297]
_generate_rudin_shapiro_seq : [1.1875, 0.076171875, 0.00360107421875, 0.0010223388671875, 0.000286102294921875, 7.915496826171875e-05, 4.1484832763671875e-05]
_generate_thue_morse_seq : [0.875, 0.046875, 0.0020751953125, 0.000579833984375, 0.00016021728515625, 4.38690185546875e-05, 2.288818359375e-05]
