_generate_const_seq : [0.625, 0.34375, 0.1875, 0.1015625, 0.0546875, 0.029296875, 0.001220703125, 0.000335693359375, 9.1552734375e-05, 2.47955322265625e-05, 1.2874603271484375e-05]
_generate_checkerboard_seq : [0.625, 0.34375, 0.1875, 0.1015625, 0.0546875, 0.029296875, 0.001220703125, 0.000335693359375, 9.1552734375e-05, 2.47955322265625e-05, 1.2874603271484375e-05]
_generate_random_seq : [1.4375, 1.0625, 0.96875, 0.8515625, 0.796875, 0.7724609375, 0.720428466796875, 0.7598724365234375, 0.7849407196044922, 0.7220101356506348, 0.6823863983154297]
_generate_rudin_shapiro_seq : [1.1875, 0.71875, 0.421875, 0.2421875, 0.13671875, 0.076171875, 0.00360107421875, 0.0010223388671875, 0.000286102294921875, 7.915496826171875e-05, 4.1484832763671875e-05]
_generate_thue_morse_seq : [0.875, 0.5, 0.28125, 0.15625, 0.0859375, 0.046875, 0.0020751953125, 0.000579833984375, 0.00016021728515625, 4.38690185546875e-05, 2.288818359375e-05]
_generate_fibonacci_seq : [1.0625, 0.75, 0.5625, 0.359375, 0.22265625, 0.162109375, 0.0501708984375, 0.03211212158203125, 0.018747329711914062, 0.010114192962646484, 0.00751185417175293]
_generate_baum_sweet_seq : [0.8125, 0.5, 0.265625, 0.15625, 0.08203125, 0.046875, 0.00201416015625, 0.0005645751953125, 0.000156402587890625, 4.291534423828125e-05, 2.288818359375e-05]
_generate_dragon_seq : [1.1875, 0.71875, 0.421875, 0.2421875, 0.13671875, 0.076171875, 0.00360107421875, 0.0010223388671875, 0.000286102294921875, 7.915496826171875e-05, 4.1484832763671875e-05]
_generate_ehrenfeucht_mycielski_seq : [1.375, 1.0625, 0.8828125, 0.859375, 0.794921875, 0.765625, 0.726531982421875, 0.7699127197265625, 0.7919521331787109]
generate_random_seq : [1.375, 1.0, 0.8125, 0.83984375, 0.806640625, 0.7470703125, 0.719482421875, 0.75885009765625, 0.7844657897949219]
