_generate_const_seq : [0.625, 0.029296875, 0.001220703125, 4.76837158203125e-05, 1.2874603271484375e-05]
_generate_checkerboard_seq : [0.625, 0.029296875, 0.001220703125, 4.76837158203125e-05, 1.2874603271484375e-05]
_generate_random_seq : [1.4375, 0.7470703125, 0.72296142578125, 0.7661342620849609, 0.6824707984924316]
_generate_rudin_shapiro_seq : [1.1875, 0.076171875, 0.00360107421875, 0.0001506805419921875, 4.1484832763671875e-05]
_generate_thue_morse_seq : [0.875, 0.046875, 0.0020751953125, 8.392333984375e-05, 2.288818359375e-05]
_generate_fibonacci_seq : [1.0625, 0.162109375, 0.0501708984375, 0.013634681701660156, 0.00751185417175293]
_generate_baum_sweet_seq : [0.8125, 0.046875, 0.00201416015625, 8.392333984375e-05, 2.288818359375e-05]
_generate_dragon_seq : [1.1875, 0.076171875, 0.00360107421875, 0.0001506805419921875, 4.1484832763671875e-05]
_generate_ehrenfeucht_mycielski_seq : [1.375, 0.765625, 0.726531982421875, 0.7919521331787109, 0.7919521331787109]
generate_random_seq : [1.3125, 0.7431640625, 0.722320556640625, 0.7858905792236328, 0.7659111022949219]
_generate_const_seq : [0.625, 0.029296875, 0.001220703125, 0.000335693359375, 9.1552734375e-05, 2.47955322265625e-05, 1.2874603271484375e-05]
